ID IRAS RA DEC Galactic LON LAT Vlsr Distance Distance_new Rgc Radius Tdust logLbol logM logLbol_new logM_new
1 I08303-4303 08:32:08.34 -43:13:54.0 G261.646-2.091 261.646 -2.091 14.3 2.3 2.35 9.0 0.32 30.0 3.800 2.400 3.819 2.419
2 I08448-4343 08:46:32.90 -43:54:35.9 G263.773-0.434 263.773 -0.434 3.7 0.7 1.22 8.4 0.15 25.0 3.000 1.600 3.483 2.083
3 I08470-4243 08:48:47.07 -42:54:31.0 G263.249+0.511 263.249 0.511 12.0 2.1 2.27 8.8 0.32 33.0 4.000 2.400 4.068 2.468
4 I09002-4732 09:01:54.24 -47:44:00.8 G268.420-0.848 268.42 -0.848 3.1 1.2 1.62 8.4 0.24 39.0 4.600 2.400 4.861 2.661
5 I09018-4816 09:03:32.84 -48:28:10.0 G269.153-1.131 269.153 -1.131 10.3 2.6 2.57 8.8 0.44 31.0 4.700 3.000 4.690 2.990
6 I09094-4803 09:11:07.29 -48:15:48.7 G269.850-0.063 269.85 -0.063 74.6 9.6 8.75 12.7 1.4 23.0 4.600 3.100 4.519 3.019
7 I10365-5803 10:38:32.46 -58:19:05.9 G286.208+0.171 286.208 0.171 -19.0 2.4 2.49 8.0 0.44 30.0 4.300 2.700 4.332 2.732
8 I11298-6155 11:32:05.70 -62:12:24.3 G293.827-0.746 293.827 -0.746 32.9 10.0 9.6 10.1 1.36 32.0 5.200 3.400 5.165 3.365
9 I11332-6258 11:35:31.81 -63:14:44.6 G294.511-1.622 294.511 -1.622 -15.4 1.9 1.4 7.7 0.28 30.0 3.700 2.100 3.435 1.835
10 I12320-6122 12:34:53.38 -61:39:46.9 G300.969+1.146 300.969 1.146 -42.5 3.43 4.17 7.2 1.0 44.6 5.610 3.036 5.780 3.206
11 I12326-6245 12:35:34.81 -63:02:32.1 G301.136-0.226 301.136 -0.226 -39.6 4.61 4.21 7.2 0.83 34.2 5.391 3.522 5.312 3.443
12 I12383-6128 12:41:17.32 -61:44:38.6 G301.731+1.104 301.731 1.104 -39.1 3.27 4.12 7.2 0.63 19.8 3.844 3.137 4.045 3.338
13 I12572-6316 13:00:24.43 -63:32:30.4 G303.931-0.687 303.931 -0.687 30.9 11.57 11.63 9.8 1.63 21.5 4.643 3.876 4.647 3.880
14 I13079-6218 13:11:14.16 -62:34:42.1 G305.209+0.206 305.209 0.206 -42.6 3.8 3.11 6.9 1.09 28.2 5.139 3.527 4.965 3.353
15 I13080-6229 13:11:14.10 -62:45:01.9 G305.196+0.034 305.196 0.034 -35.6 3.8 2.68 6.9 1.03 34.1 5.125 3.201 4.822 2.898
16 I13111-6228 13:14:26.43 -62:44:24.1 G305.562+0.014 305.562 0.014 -38.8 3.8 2.97 6.9 0.96 30.0 4.833 3.096 4.619 2.882
17 I13134-6242 13:16:43.05 -62:58:30.1 G305.799-0.244 305.799 -0.244 -31.5 3.8 4.93 6.9 0.57 29.2 4.618 3.078 4.844 3.304
18 I13140-6226 13:17:15.70 -62:42:27.5 G305.887+0.016 305.887 0.016 -33.9 3.8 4.88 6.9 0.5 22.6 3.797 2.887 4.014 3.104
19 I13291-6229 13:32:32.38 -62:45:23.5 G307.616-0.259 307.616 -0.259 -36.5 2.9 2.66 7.0 0.55 28.8 4.327 2.699 4.252 2.624
20 I13291-6249 13:32:31.23 -63:05:21.8 G307.561-0.587 307.561 -0.587 -34.7 7.61 7.72 7.1 1.73 27.2 5.182 3.714 5.194 3.726
21 I13295-6152 13:32:53.49 -62:07:49.3 G307.756+0.353 307.756 0.353 -44.4 3.89 3.27 6.7 0.36 19.4 3.287 2.705 3.136 2.554
22 I13471-6120 13:50:42.10 -61:35:14.9 G309.921+0.477 309.921 0.477 -56.7 5.46 5.17 6.4 1.01 35.1 5.320 3.370 5.273 3.323
23 I13484-6100 13:51:58.64 -61:15:43.3 G310.144+0.759 310.144 0.759 -55.0 5.4 6.64 6.4 0.84 31.8 4.845 3.082 5.025 3.262
24 I14013-6105 14:04:54.56 -61:20:10.7 G311.626+0.289 311.626 0.289 -48.1 4.12 3.9 6.4 0.8 31.4 4.953 3.167 4.905 3.119
25 I14050-6056 14:08:42.15 -61:10:43.0 G312.108+0.309 312.108 0.309 -47.1 3.42 3.19 6.6 0.66 32.2 4.682 2.781 4.622 2.721
26 I14164-6028 14:20:08.23 -60:42:05.0 G313.576+0.324 313.576 0.324 -46.5 3.19 2.95 6.6 0.17 28.7 3.726 2.168 3.658 2.100
27 I14206-6151 14:24:22.81 -62:05:22.7 G313.576-1.154 313.576 -1.154 -50.0 3.29 3.19 6.5 0.37 27.3 3.658 2.409 3.631 2.382
28 I14212-6131 14:25:01.08 -61:44:59.4 G313.766-0.862 313.766 -0.862 -50.5 3.44 3.29 6.5 0.57 21.8 3.982 3.045 3.943 3.006
29 I14382-6017 14:42:02.76 -60:30:35.1 G316.139-0.506 316.139 -0.506 -60.7 7.69 7.75 6.0 1.68 28.0 5.198 3.646 5.205 3.653
30 I14498-5856 14:53:42.81 -59:08:56.5 G318.049+0.086 318.049 0.086 -49.3 3.16 2.99 6.4 0.74 26.7 4.428 3.010 4.380 2.962
31 I15122-5801 15:16:06.77 -58:11:40.5 G321.054-0.507 321.054 -0.507 -60.9 9.26 8.73 5.9 2.65 27.7 4.997 3.923 4.946 3.872
32 I15254-5621 15:29:19.48 -56:31:23.2 G323.459-0.079 323.459 -0.079 -67.3 4.0 4.42 5.7 0.89 33.5 5.074 3.106 5.161 3.193
33 I15290-5546 15:32:53.16 -55:56:06.8 G324.201+0.121 324.201 0.121 -87.5 6.76 7.94 4.9 1.8 33.5 5.679 3.770 5.819 3.910
34 I15384-5348 15:42:16.57 -53:58:31.3 G326.446+0.907 326.446 0.907 -41.0 1.82 2.41 6.9 0.54 33.9 4.565 2.498 4.809 2.742
35 I15394-5358 15:43:16.48 -54:07:16.9 G326.474+0.702 326.474 0.702 -41.6 1.82 2.38 6.9 0.46 20.7 3.733 2.926 3.966 3.159
36 I15411-5352 15:44:59.59 -54:02:21.4 G326.724+0.614 326.724 0.614 -41.5 1.82 2.41 6.9 0.57 30.5 4.545 2.686 4.789 2.930
37 I15437-5343 15:47:33.11 -53:52:43.9 G327.119+0.509 327.119 0.509 -83.0 4.98 5.16 5.0 0.77 29.6 4.595 3.018 4.626 3.049
38 I15439-5449 15:47:49.82 -54:58:32.1 G326.472-0.377 326.472 -0.377 -54.6 3.29 3.4 5.9 0.69 26.8 4.360 2.953 4.389 2.982
39 I15502-5302 15:54:06.43 -53:11:38.4 G328.308+0.431 328.308 0.431 -91.4 5.8 5.49 4.6 1.66 35.7 5.828 3.705 5.780 3.657
40 I15520-5234 15:55:48.84 -52:43:06.2 G328.809+0.632 328.809 0.632 -41.3 2.65 2.56 6.2 0.67 32.2 5.128 3.225 5.098 3.195
41 I15522-5411 15:56:07.74 -54:19:57.8 G327.809-0.636 327.809 -0.636 -46.7 2.73 2.89 6.2 0.64 23.3 3.821 2.947 3.870 2.996
42 I15557-5215 15:59:40.76 -52:23:27.7 G329.469+0.502 329.469 0.502 -67.6 4.03 6.91 5.3 0.82 20.7 3.881 3.187 4.349 3.655
43 I15567-5236 16:00:32.86 -52:44:45.1 G329.337+0.147 329.337 0.147 -107.1 5.99 5.22 4.4 1.31 35.4 5.689 3.522 5.569 3.402
44 I15570-5227 16:00:55.56 -52:36:21.2 G329.472+0.216 329.472 0.216 -101.5 5.99 5.64 4.4 1.66 28.7 4.830 3.368 4.778 3.316
45 I15584-5247 16:02:19.63 -52:55:22.4 G329.424-0.162 329.424 -0.162 -76.8 4.41 4.87 5.1 0.86 23.9 4.244 3.130 4.330 3.216
46 I15596-5301 16:03:32.29 -53:09:28.1 G329.406-0.459 329.406 -0.459 -72.1 10.11 9.2 5.2 1.81 28.5 5.469 3.929 5.387 3.847
47 I16026-5035 16:06:25.43 -50:43:07.2 G331.361+1.066 331.361 1.066 -78.3 4.53 5.05 4.9 0.81 31.8 4.859 3.021 4.953 3.115
48 I16037-5223 16:07:38.10 -52:31:00.2 G330.294-0.394 330.294 -0.394 -80.0 9.84 9.04 4.9 2.15 31.4 5.621 3.794 5.547 3.720
49 I16060-5146 16:09:52.85 -51:54:54.7 G330.954-0.182 330.954 -0.182 -91.6 5.3 5.39 4.5 1.24 32.2 5.777 3.947 5.792 3.962
50 I16065-5158 16:10:20.30 -52:06:07.1 G330.879-0.367 330.879 -0.367 -63.3 3.98 4.33 5.2 1.41 30.8 5.396 3.683 5.469 3.756
51 I16071-5142 16:11:00.01 -51:50:21.6 G331.133-0.244 331.133 -0.244 -87.0 5.3 5.29 4.5 1.21 23.9 4.782 3.682 4.780 3.680
52 I16076-5134 16:11:27.12 -51:41:56.9 G331.279-0.189 331.279 -0.189 -87.7 5.3 5.31 4.5 1.57 30.1 5.267 3.574 5.269 3.576
53 I16119-5048 16:15:45.65 -50:55:53.5 G332.296-0.094 332.296 -0.094 -48.2 3.1 3.42 5.8 0.93 24.0 4.303 3.150 4.388 3.235
54 I16132-5039 16:17:01.52 -50:46:51.0 G332.544-0.124 332.544 -0.124 -47.5 3.1 3.36 5.8 1.04 32.5 4.591 2.857 4.661 2.927
55 I16164-5046 16:20:10.91 -50:53:15.5 G332.826-0.549 332.826 -0.549 -57.3 3.57 4.02 5.4 1.37 31.4 5.543 3.724 5.646 3.827
56 I16172-5028 16:21:02.47 -50:35:10.3 G333.134-0.431 333.134 -0.431 -51.9 3.57 3.78 5.4 1.51 32.0 5.823 3.959 5.873 4.009
57 I16177-5018 16:21:31.49 -50:25:04.5 G333.308-0.366 333.308 -0.366 -50.2 3.57 3.53 5.4 1.25 34.0 5.544 3.561 5.534 3.551
58 I16272-4837 16:30:59.08 -48:43:53.3 G335.586-0.291 335.586 -0.291 -46.6 2.92 3.54 5.8 0.84 23.1 4.291 3.242 4.458 3.409
59 I16297-4757 16:33:29.45 -48:03:41.2 G336.359-0.137 336.359 -0.137 -79.6 5.03 5.1 4.2 2.0 27.1 4.918 3.418 4.930 3.430
60 I16304-4710 16:34:05.12 -47:16:32.6 G337.004+0.322 337.004 0.322 -62.8 11.32 10.5 4.9 1.37 27.5 4.870 3.480 4.805 3.415
61 I16313-4729 16:34:54.98 -47:35:35.0 G336.866+0.004 336.866 0.004 -73.7 4.71 4.99 4.4 2.06 31.0 6.700 4.700 6.750 4.750
62 I16318-4724 16:35:34.11 -47:31:11.3 G336.994-0.027 336.994 -0.027 -119.8 7.68 7.95 3.3 1.45 29.5 5.238 3.721 5.268 3.751
63 I16330-4725 16:36:42.96 -47:31:29.7 G337.121-0.174 337.121 -0.174 -75.1 10.99 9.96 4.6 3.89 33.8 6.314 4.295 6.229 4.210
64 I16344-4658 16:38:09.38 -47:04:58.7 G337.612-0.059 337.612 -0.059 -49.5 12.09 11.23 5.4 2.7 25.5 5.398 4.137 5.334 4.073
65 I16348-4654 16:38:29.64 -47:00:41.1 G337.704-0.054 337.704 -0.054 -46.5 12.09 11.33 5.4 2.4 23.6 5.411 4.420 5.355 4.364
66 I16351-4722 16:38:50.98 -47:27:57.8 G337.406-0.402 337.406 -0.402 -41.4 3.02 2.33 5.7 0.69 30.4 4.885 3.221 4.660 2.996
67 I16362-4639 16:39:57.32 -46:45:06.3 G338.064-0.067 338.064 -0.067 -38.8 3.01 2.26 5.7 0.54 24.0 3.572 2.462 3.323 2.213
68 I16372-4545 16:40:54.57 -45:50:49.6 G338.851+0.409 338.851 0.409 -57.3 4.16 4.42 4.7 0.73 26.0 4.225 2.892 4.278 2.945
69 I16385-4619 16:42:14.04 -46:25:25.9 G338.569-0.144 338.569 -0.144 -117.0 7.11 5.76 3.1 1.34 31.9 5.123 3.227 4.940 3.044
70 I16424-4531 16:46:06.61 -45:36:46.6 G339.623-0.122 339.623 -0.122 -34.2 2.63 2.19 6.0 0.54 24.6 3.865 2.749 3.706 2.590
71 I16445-4459 16:48:05.18 -45:05:08.6 G340.249-0.046 340.249 -0.046 -121.3 7.95 7.72 2.8 2.54 24.6 4.957 3.896 4.932 3.871
72 I16458-4512 16:49:30.41 -45:17:53.6 G340.247-0.374 340.247 -0.374 -50.4 3.56 4.19 5.1 1.42 21.4 4.475 3.589 4.617 3.731
73 I16484-4603 16:52:04.29 -46:08:30.1 G339.884-1.257 339.884 -1.257 -32.0 2.1 2.17 6.4 0.55 35.0 5.000 3.000 5.028 3.028
74 I16487-4423 16:52:23.67 -44:27:52.3 G341.216-0.236 341.216 -0.236 -43.4 3.26 2.65 5.4 1.01 24.6 4.388 3.048 4.208 2.868
75 I16489-4431 16:52:33.50 -44:36:17.7 G341.126-0.347 341.126 -0.347 -41.3 3.26 2.48 5.4 0.71 21.8 3.837 2.898 3.599 2.660
76 I16524-4300 16:56:03.06 -43:04:43.3 G342.708+0.126 342.708 0.126 -40.8 3.43 2.52 5.2 1.06 23.4 4.440 3.369 4.172 3.101
77 I16547-4247 16:58:17.26 -42:52:04.5 G343.127-0.062 343.127 -0.062 -30.4 2.74 2.19 5.8 0.69 28.9 4.776 3.225 4.581 3.030
78 I16562-3959 16:59:41.42 -40:03:46.6 G345.493+1.469 345.493 1.469 -12.6 2.38 1.37 6.1 0.72 42.3 5.708 3.220 5.228 2.740
79 I16571-4029 17:00:32.21 -40:34:12.7 G345.193+1.029 345.193 1.029 -15.0 2.38 2.13 6.1 0.38 27.0 4.257 2.915 4.161 2.819
80 I17006-4215 17:04:12.99 -42:19:54.2 G344.221-0.594 344.221 -0.594 -23.2 2.21 2.85 6.3 0.5 27.7 4.424 2.793 4.645 3.014
81 I17008-4040 17:04:23.03 -40:44:24.9 G345.504+0.347 345.504 0.347 -17.0 2.38 1.33 6.1 1.26 31.0 4.600 3.000 4.095 2.495
82 I17016-4124 17:05:11.02 -41:29:07.8 G345.003-0.224 345.003 -0.224 -27.1 1.37 3.16 7.0 0.75 32.0 5.300 3.800 6.026 4.526
83 I17136-3617 17:17:02.04 -36:20:52.5 G350.507+0.959 350.507 0.959 -10.6 1.34 1.33 7.0 0.45 34.8 4.603 2.510 4.596 2.503
84 I17143-3700 17:17:45.65 -37:03:11.8 G350.016+0.432 350.016 0.432 -31.1 12.67 11.71 4.7 2.95 31.0 5.554 3.803 5.486 3.735
85 I17158-3901 17:19:20.34 -39:03:53.3 G348.549-0.979 348.549 -0.979 -15.2 3.38 3.33 5.1 1.18 23.3 4.755 3.421 4.742 3.408
86 I17160-3707 17:19:26.81 -37:11:01.4 G350.102+0.083 350.102 0.083 -69.5 10.53 10.28 2.7 1.69 28.5 6.044 4.110 6.023 4.089
87 I17175-3544 17:20:53.10 -35:47:03.0 G351.416+0.646 351.416 0.646 -5.7 1.34 1.32 7.0 0.35 30.6 4.764 3.077 4.751 3.064
88 I17204-3636 17:23:50.32 -36:38:58.1 G351.041-0.336 351.041 -0.336 -18.2 3.32 3.27 5.1 0.6 25.8 4.175 2.881 4.162 2.868
89 I17220-3609 17:25:24.99 -36:12:45.1 G351.581-0.352 351.581 -0.352 -93.7 8.01 8.05 1.3 2.41 25.4 5.660 4.348 5.664 4.352
90 I17233-3606 17:26:42.73 -36:09:20.8 G351.774-0.537 351.774 -0.537 -2.7 1.34 1.32 7.0 0.37 29.9 4.567 2.967 4.554 2.954
91 I17244-3536 17:27:48.71 -35:39:10.8 G352.316-0.442 352.316 -0.442 -10.2 1.36 2.63 7.0 0.3 29.8 3.708 2.147 4.281 2.720
92 I17258-3637 17:29:16.99 -36:40:16.5 G351.633-1.254 351.633 -1.254 -11.9 2.59 1.33 5.8 0.92 45.5 5.922 3.254 5.343 2.675
93 I17269-3312 17:30:14.77 -33:14:57.5 G354.596+0.469 354.596 0.469 -21.0 4.38 4.53 4.0 1.53 22.4 4.668 3.575 4.697 3.604
94 I17271-3439 17:30:26.21 -34:41:48.9 G353.409-0.361 353.409 -0.361 -18.2 3.1 3.66 5.3 1.34 35.0 5.600 4.000 5.744 4.144
95 I17278-3541 17:31:14.07 -35:44:07.3 G352.631-1.067 352.631 -1.067 -0.4 1.33 1.32 7.0 0.31 25.1 3.772 2.485 3.765 2.478
96 I17439-2845 17:47:09.20 -28:46:13.9 G000.316-0.201 0.316 -0.201 18.7 8.0 6.93 0.3 1.78 30.0 5.700 3.800 5.575 3.675
97 I17441-2822 17:47:19.79 -28:23:05.7 G000.666-0.034 0.666 -0.034 50.8 8.1 8.3 0.2 2.51 35.0 6.600 5.400 6.621 5.421
98 I17455-2800 17:48:41.63 -28:01:44.6 G001.126-0.107 1.126 -0.107 -15.6 10.0 11.14 1.7 2.18 31.0 5.900 4.100 5.994 4.194
99 I17545-2357 17:57:34.49 -23:58:04.3 G005.637+0.237 5.637 0.237 7.9 2.93 3.0 5.4 0.87 23.7 4.142 3.070 4.163 3.091
100 I17589-2312 18:01:57.87 -23:12:32.9 G006.796-0.257 6.796 -0.257 21.3 2.97 3.44 5.4 0.65 22.4 3.974 2.985 4.102 3.113
101 I17599-2148 18:03:01.83 -21:48:09.0 G008.141+0.223 8.141 0.223 18.6 2.99 3.44 5.4 1.15 32.0 5.200 3.400 5.322 3.522
102 I18032-2032 18:06:14.99 -20:31:35.4 G009.621+0.194 9.621 0.194 4.3 5.15 4.8 3.4 1.27 32.1 5.379 3.523 5.318 3.462
103 I18056-1952 18:08:38.18 -19:51:49.0 G010.472+0.028 10.472 0.028 66.7 8.55 8.44 1.6 2.32 25.1 5.651 4.411 5.640 4.400
104 I18075-2040 18:10:34.82 -20:39:16.1 G010.001-0.754 10.001 -0.754 31.5 3.08 2.8 5.3 0.27 23.0 3.034 2.190 2.951 2.107
105 I18079-1756 18:10:50.60 -17:55:47.2 G012.418+0.506 12.418 0.506 18.0 1.83 2.32 6.6 0.44 25.6 3.897 2.630 4.103 2.836
106 I18089-1732 18:11:51.28 -17:31:33.4 G012.888+0.489 12.888 0.489 33.5 2.5 3.64 5.9 0.9 23.4 4.254 3.099 4.580 3.425
107 I18110-1854 18:14:00.83 -18:53:28.2 G011.936-0.616 11.936 -0.616 37.0 3.37 3.17 5.1 0.87 28.9 4.750 3.234 4.697 3.181
108 I18116-1646 18:14:35.76 -16:45:40.8 G013.873+0.281 13.873 0.281 48.5 3.94 3.86 4.6 0.99 33.8 5.110 3.096 5.092 3.078
109 I18117-1753 18:14:39.14 -17:52:01.3 G012.908-0.259 12.908 -0.259 36.7 2.57 3.63 5.9 1.02 23.6 4.589 3.459 4.889 3.759
110 I18134-1942 18:16:22.12 -19:41:27.0 G011.497-1.485 11.497 -1.485 10.6 1.25 1.25 7.1 0.23 20.7 3.023 2.377 3.023 2.377
111 I18139-1842 18:16:51.72 -18:41:35.2 G012.431-1.114 12.431 -1.114 39.8 3.02 3.0 5.4 0.45 40.4 4.870 2.465 4.864 2.459
112 I18159-1648 18:18:54.34 -16:47:51.9 G014.331-0.644 14.331 -0.644 22.0 1.48 2.83 6.9 0.48 21.6 3.753 2.846 4.316 3.409
113 I18182-1433 18:21:09.22 -14:31:46.8 G016.586-0.051 16.586 -0.051 59.1 4.71 3.66 4.1 0.71 24.7 4.259 3.128 4.040 2.909
114 I18223-1243 18:25:10.58 -12:42:24.2 G018.654-0.059 18.654 -0.059 44.8 3.37 3.46 5.3 0.83 23.7 4.161 2.944 4.184 2.967
115 I18228-1312 18:25:41.81 -13:10:23.3 G018.301-0.389 18.301 -0.389 32.3 3.21 3.2 5.4 0.81 29.8 4.738 2.968 4.735 2.965
116 I18236-1205 18:26:25.65 -12:04:01.6 G019.363-0.031 19.363 -0.031 25.9 2.17 2.88 6.3 0.62 19.5 3.463 2.851 3.709 3.097
117 I18264-1152 18:29:14.28 -11:50:27.0 G019.883-0.534 19.883 -0.534 43.2 3.33 3.35 5.3 0.81 20.3 3.897 3.214 3.902 3.219
118 I18290-0924 18:31:43.23 -09:22:28.5 G022.351+0.068 22.351 0.068 84.2 5.34 4.69 4.0 1.09 22.1 4.037 3.152 3.924 3.039
119 I18308-0503 18:33:29.42 -05:00:55.1 G026.421+1.690 26.421 1.69 42.9 3.1 3.75 5.7 0.59 31.0 4.300 2.600 4.465 2.765
120 I18311-0809 18:33:53.43 -08:07:14.4 G023.711+0.171 23.711 0.171 113.0 6.06 6.27 3.7 2.12 25.4 5.026 3.685 5.056 3.715
121 I18314-0720 18:34:10.25 -07:18:00.1 G024.471+0.487 24.471 0.487 101.5 5.82 6.15 3.9 2.54 30.4 5.654 3.785 5.702 3.833
122 I18316-0602 18:34:20.58 -05:59:41.6 G025.649+1.051 25.649 1.051 42.8 2.09 3.76 6.5 0.56 23.4 3.971 2.871 4.481 3.381
123 I18317-0513 18:34:25.50 -05:10:53.5 G026.381+1.407 26.381 1.407 42.1 2.18 3.73 6.5 0.32 31.0 4.800 3.200 5.267 3.667
124 I18317-0757 18:34:24.90 -07:54:50.6 G023.954+0.151 23.954 0.151 80.7 4.79 4.7 4.4 1.93 30.4 5.151 3.410 5.135 3.394
125 I18341-0727 18:36:49.82 -07:24:53.0 G024.673-0.151 24.673 -0.151 112.7 6.04 6.39 3.8 2.02 25.7 5.098 3.742 5.147 3.791
126 I18411-0338 18:43:46.07 -03:35:33.0 G028.861+0.066 28.861 0.066 102.8 7.41 5.46 4.0 1.98 27.6 5.084 3.650 4.819 3.385
127 I18434-0242 18:46:03.51 -02:39:26.7 G029.954-0.016 29.954 -0.016 97.2 5.16 4.76 4.7 1.48 35.5 5.695 3.587 5.625 3.517
128 I18440-0148 18:46:36.22 -01:45:23.7 G030.818+0.274 30.818 0.274 97.5 5.16 6.04 4.7 0.43 33.0 4.143 2.309 4.280 2.446
129 I18445-0222 18:47:09.76 -02:18:47.6 G030.386-0.104 30.386 -0.104 86.9 5.16 6.24 4.7 1.3 27.0 4.584 3.386 4.749 3.551
130 I18461-0113 18:48:41.83 -01:10:01.4 G031.581+0.078 31.581 0.078 96.1 5.16 5.67 4.7 0.65 27.0 4.443 3.085 4.525 3.167
131 I18469-0132 18:49:33.15 -01:29:04.2 G031.396-0.257 31.396 -0.257 87.0 5.16 4.91 4.7 0.68 32.2 4.845 2.997 4.802 2.954
132 I18479-0005 18:50:30.79 -00:01:58.2 G032.797+0.191 32.797 0.191 14.6 12.96 12.87 7.5 2.45 34.2 6.095 4.152 6.089 4.146
133 I18507+0110 18:53:18.42 01:15:00.1 G034.257+0.154 34.257 0.154 57.2 1.56 3.23 7.1 0.44 29.2 4.788 3.234 5.420 3.866
134 I18507+0121 18:53:18.12 01:25:22.7 G034.411+0.234 34.411 0.234 57.9 1.56 3.09 7.1 0.29 22.7 3.486 2.587 4.080 3.181
135 I18517+0437 18:54:14.13 04:41:46.2 G037.431+1.519 37.431 1.519 43.9 2.36 2.36 6.6 0.23 32.0 4.600 2.900 4.600 2.900
136 I18530+0215 18:55:33.61 02:19:09.0 G035.466+0.141 35.466 0.141 74.1 4.67 5.08 5.3 1.06 26.1 4.674 3.283 4.747 3.356
137 I19078+0901 19:10:13.41 09:06:10.4 G043.166+0.011 43.166 0.011 2.9 11.11 11.49 7.6 4.26 33.3 6.906 5.037 6.935 5.066
138 I19095+0930 19:11:53.90 09:35:45.9 G043.794-0.127 43.794 -0.127 43.7 6.02 9.07 5.8 0.64 34.9 5.085 3.116 5.441 3.472
139 I19097+0847 19:12:09.09 08:52:10.8 G043.179-0.519 43.179 -0.519 58.0 8.47 7.83 6.2 2.01 23.3 4.965 3.832 4.897 3.764
